0
0.0201051
0.0431994
0.0709308
0.103326
0.140851
0.18346
0.230133
0.281073
0.33688
0.397117
0.461651
0.531215
0.605226
0.683644
0.767028
0.853986
0.945427
1.04127
1.14093
1.24566
1.34435
1.4574
1.57382
1.69485
1.8202
1.95066
2.08548
2.2243
2.36835
2.51616
2.66809
2.82482
2.9863
3.15244
3.32291
3.49706
3.67611
3.85975
4.04818
4.2413
4.39475
4.59516
4.79945
5.00874
5.22261
5.44148
5.66521
5.89284
6.12542
6.36211
6.60336
6.84954
7.10085
7.35674
7.61751
7.88196
8.15135
8.42568
8.70461
8.98844
9.1755
9.46591
9.76038
10.0605
10.3654
10.6747
10.9894
11.3072
11.6307
11.9581
12.2906
12.6272
12.97
13.3171
13.6691
14.0247
14.3849
14.7502
15.1204
15.4959
15.694
16.074
16.4581
16.8473
17.2416
17.6396
18.0426
18.4491
18.861
19.2772
19.6984
20.1238
20.5552
20.991
21.4319
21.8758
22.3249
22.7794
23.2387
23.7035
23.8849
24.3528
24.8247
25.3027
25.786
26.2726
26.7647
27.2609
27.7627
28.2689
28.7802
29.2961
29.8176
30.3437
30.8749
31.4093
31.9491
32.494
33.0442
33.5998
33.7477
34.3056
34.8679
35.4365
36.0103
36.5877
37.1713
37.7589
38.3522
38.9495
39.552
40.159
40.7719
41.3892
42.0123
42.6384
43.2701
43.9067
44.5479
45.1957
45.2928
45.9419
46.5953
47.2551
47.9201
48.5879
49.2624
49.9406
50.6252
51.3137
52.0074
52.7056
53.4092
54.1175
54.8311
55.5479
56.2705
56.998
57.7309
58.4697
58.4912
59.2304
59.974
60.7246
61.4801
62.2387
63.0039
63.7735
64.5489
65.3285
66.1138
66.9036
67.6991
68.4998
69.305
70.1142
70.9289
71.7488
72.5743
73.4057
73.3251
74.1557
74.9913
75.8332
76.6797
77.5299
78.3869
79.2481
80.1155
80.9871
81.8644
82.7459
83.6331
84.5256
85.4224
86.3235
87.2301
88.1418
89.0589
89.9815
89.7699
90.6904
91.6156
92.5471
93.483
94.4225
95.369
96.3191
97.2758
98.2364
99.2022
100.172
101.148
102.13
103.116
104.105
105.1
106.1
107.105
108.116
107.743
108.75
109.762
110.78
111.803
112.83
113.864
114.902
115.946
116.995
118.049
119.107
120.172
121.242
122.317
123.395
124.48
125.569
126.664
127.764
127.202
128.298
129.399
130.507
131.619
132.735
133.859
134.986
136.12
137.258
138.402
139.55
140.705
141.866
143.031
144.2
145.375
146.554
147.74
148.931
148.166
149.353
150.543
151.74
152.942
154.148
155.361
156.577
157.801
159.029
160.263
161.501
162.746
163.997
165.252
166.512
167.777
169.047
170.324
171.605
170.621
171.898
173.178
174.463
175.755
177.05
178.352
179.658
180.971
182.289
183.612
184.94
186.275
187.616
188.961
190.311
191.666
193.027
194.395
195.767
194.536
195.902
197.273
198.648
200.029
201.415
202.807
204.203
205.607
207.015
208.429
209.848
211.274
212.705
214.141
215.581
217.027
218.479
219.937
221.4
219.893
221.349
222.809
224.274
225.744
227.219
228.701
230.187
231.68
233.177
234.68
236.188
237.703
239.223
240.748
242.278
243.813
245.354
246.901
248.454
246.663
248.207
249.755
251.309
252.868
254.431
256.001
257.576
259.158
260.744
262.335
263.932
265.535
267.145
268.759
270.378
272.001
273.631
275.268
276.91
274.812
276.444
278.08
279.721
281.368
283.02
284.679
286.341
288.011
289.686
291.366
293.051
294.743
296.44
298.143
299.85
301.562
303.28
305.004
306.733
304.302
306.021
307.743
309.471
311.205
312.942
314.687
316.436
318.192
319.953
321.719
323.491
325.269
327.054
328.843
330.638
332.437
334.242
336.054
337.871
335.072
336.878
338.686
340.501
342.321
344.146
345.978
347.814
349.657
351.506
353.361
355.221
357.087
358.961
360.839
362.724
364.612
366.508
368.409
370.317
367.138
369.034
370.932
372.836
374.745
376.659
378.579
380.504
382.437
384.375
386.32
388.269
390.226
392.189
394.157
396.131
398.109
400.093
402.084
404.08
400.491
402.474
404.459
406.451
408.449
410.45
412.458
414.471
416.491
418.516
420.549
422.586
424.631
426.681
428.738
430.799
432.865
434.937
437.015
439.099
435.08
437.15
439.223
441.302
443.388
445.477
447.572
449.674
451.783
453.897
456.018
458.144
460.278
462.417
464.561
466.711
468.865
471.026
473.193
475.365
470.906
473.064
475.226
477.392
479.565
481.743
483.927
486.117
488.314
490.517
492.727
494.94
497.162
499.389
501.622
503.859
506.103
508.353
510.609
512.871
507.946
510.192
512.441
514.695
516.956
519.222
521.495
523.774
526.06
528.352
530.65
532.953
535.264
537.58
539.901
542.228
544.561
546.901
549.247
551.6
546.173
548.509
550.849
553.193
555.545
557.901
560.264
562.633
565.009
567.39
569.779
572.171
574.573
576.979
579.391
581.809
584.233
586.663
589.099
591.542
585.575
588
590.429
592.862
595.304
597.75
600.202
602.66
605.125
607.597
610.075
612.557
615.048
617.544
620.045
622.553
625.066
627.587
630.114
632.646
626.102
628.616
631.133
633.656
636.186
638.72
641.261
643.808
646.362
648.922
651.49
654.062
656.643
659.229
661.821
664.419
667.022
669.633
672.25
674.873
667.792
670.395
673.003
675.617
678.238
680.864
683.497
686.136
688.781
691.432
694.091
696.754
699.427
702.105
704.789
707.479
710.174
712.877
715.586
718.301
710.675
713.37
716.069
718.773
721.485
724.201
726.924
729.654
732.39
735.133
737.883
740.638
743.401
746.17
748.946
751.727
754.513
757.308
760.109
762.916
754.726
757.512
760.303
763.098
765.902
768.709
771.524
774.347
777.175
780.01
782.852
785.698
788.554
791.414
794.281
797.153
800.03
802.916
805.809
808.708
799.925
802.802
805.683
808.569
811.462
814.36
817.264
820.178
823.096
826.021
828.953
831.89
834.836
837.786
840.743
843.706
846.674
849.651
852.635
855.625
846.201
849.168
852.14
855.116
858.101
861.089
864.085
867.09
870.099
873.116
876.14
879.168
882.204
885.245
888.294
891.347
894.406
897.474
900.55
903.631
893.529
896.587
899.65
902.718
905.794
908.875
911.963
915.059
918.161
921.271
924.387
927.508
930.637
933.77
936.912
940.057
943.209
946.369
949.536
952.71
941.963
945.111
948.266
951.425
954.592
957.765
960.943
964.131
967.323
970.524
973.732
976.944
980.164
983.39
986.622
989.86
993.104
996.357
999.616
1002.88
991.457
994.697
997.943
1001.19
1004.45
1007.71
1010.99
1014.26
1017.55
1020.84
1024.14
1027.44
1030.76
1034.07
1037.4
1040.73
1044.07
1047.41
1050.76
1054.12
1042
1045.33
1048.67
1052.01
1055.36
1058.72
1062.08
1065.45
1068.83
1072.21
1075.6
1079
1082.41
1085.82
1089.23
1092.66
1096.09
1099.53
1102.97
1106.43
1093.57
1096.99
1100.42
1103.86
1107.3
1110.75
1114.21
1117.67
1121.14
1124.62
1128.1
1131.59
1135.09
1138.59
1142.11
1145.62
1149.15
1152.68
1156.22
1159.77
1146.13
1149.65
1153.17
1156.7
1160.23
1163.78
1167.33
1170.88
1174.45
1178.02
1181.59
1185.18
1188.77
1192.36
1195.97
1199.57
1203.19
1206.82
1210.45
1214.09
1199.61
1203.22
1206.83
1210.45
1214.08
1217.72
1221.36
1225.01
1228.66
1232.32
1235.99
1239.67
1243.35
1247.04
1250.73
1254.43
1258.15
1261.87
1265.59
1269.33
1253.97
1257.67
1261.38
1265.09
1268.81
1272.54
1276.27
1280.01
1283.76
1287.52
1291.28
1295.04
1298.82
1302.6
1306.39
1310.18
1313.98
1317.8
1321.61
1325.44
1309.14
1312.93
1316.73
1320.53
1324.34
1328.16
1331.98
1335.82
1339.65
1343.5
1347.35
1351.21
1355.07
1358.95
1362.83
1366.71
1370.61
1374.51
1378.42
1382.34
1365.02
1368.9
1372.79
1376.69
1380.59
1384.5
1388.41
1392.33
1396.26
1400.2
1404.14
1408.09
1412.05
1416.01
1419.98
1423.96
1427.95
1431.95
1435.95
1439.96
1421.59
1425.56
1429.54
1433.53
1437.52
1441.52
1445.53
1449.54
1453.56
1457.59
1461.63
1465.67
1469.72
1473.78
1477.85
1481.92
1486
1490.1
1494.19
1498.3
1478.87
1482.94
1487.01
1491.08
1495.17
1499.26
1503.36
1507.47
1511.58
1515.71
1519.84
1523.97
1528.11
1532.27
1536.42
1540.59
1544.76
1548.95
1553.14
1557.33
1536.85
1541.01
1545.17
1549.34
1553.52
1557.7
1561.89
1566.09
1570.3
1574.51
1578.73
1582.96
1587.2
1591.44
1595.69
1599.95
1604.22
1608.49
1612.77
1617.06
1595.45
1599.7
1603.96
1608.21
1612.48
1616.76
1621.04
1625.33
1629.62
1633.93
1638.24
1642.55
1646.88
1651.21
1655.55
1659.9
1664.26
1668.62
1672.99
1677.37
1654.54
1658.88
1663.22
1667.57
1671.92
1676.29
1680.66
1685.04
1689.42
1693.82
1698.22
1702.63
1707.05
1711.47
1715.9
1720.34
1724.78
1729.24
1733.7
1738.17
1714.26
1718.69
1723.12
1727.56
1732
1736.46
1740.92
1745.39
1749.87
1754.36
1758.85
1763.35
1767.86
1772.37
1776.9
1781.43
1785.96
1790.51
1795.07
1799.63
1774.66
1779.18
1783.7
1788.23
1792.77
1797.31
1801.87
1806.43
1811
1815.58
1820.16
1824.75
1829.35
1833.96
1838.57
1843.19
1847.82
1852.46
1857.11
1861.76
1835.66
1840.27
1844.88
1849.5
1854.13
1858.77
1863.41
1868.07
1872.72
1877.39
1882.07
1886.75
1891.44
1896.14
1900.85
1905.56
1910.28
1915.01
1919.75
1924.49
1897.14
1901.84
1906.55
1911.26
1915.98
1920.71
1925.44
1930.19
1934.94
1939.7
1944.46
1949.23
1954.02
1958.8
1963.6
1968.4
1973.22
1978.04
1982.86
1987.7
1959.17
1963.96
1968.75
1973.55
1978.36
1983.18
1988.01
1992.84
1997.68
2002.54
2007.39
2012.26
2017.13
2022.01
2026.9
2031.79
2036.7
2041.61
2046.53
2051.45
2021.67
2026.55
2031.44
2036.33
2041.23
2046.14
2051.06
2055.99
2060.92
2065.86
2070.81
2075.77
2080.73
2085.7
2090.68
2095.67
2100.66
2105.66
2110.67
2115.69
2084.64
2089.61
2094.58
2099.56
2104.55
2109.55
2114.56
2119.57
2124.6
2129.63
2134.67
2139.71
2144.76
2149.82
2154.89
2159.97
2165.05
2170.15
2175.24
2180.35
2147.93
2152.99
2158.05
2163.12
2168.19
2173.28
2178.37
2183.48
2188.58
2193.7
2198.83
2203.96
2209.1
2214.25
2219.41
2224.57
2229.75
2234.93
2240.12
2245.31
2211.46
2216.6
2221.75
2226.91
2232.07
2237.25
2242.43
2247.62
2252.81
2258.02
2263.23
2268.45
2273.68
2278.92
2284.16
2289.41
2294.67
2299.94
2305.22
2310.51
2275.1
2280.33
2285.57
2290.81
2296.06
2301.32
2306.59
2311.87
2317.16
2322.45
2327.76
2333.07
2338.38
2343.71
2349.04
2354.39
2359.74
2365.1
2370.47
2375.84
2338.78
2344.1
2349.43
2354.76
2360.09
2365.45
2370.8
2376.17
2381.55
2386.93
2392.32
2397.72
2403.13
2408.54
2413.97
2419.4
2424.84
2430.29
2435.75
2441.22
2402.61
2408.03
2413.44
2418.86
2424.29
2429.72
2435.17
2440.63
2446.09
2451.56
2457.05
2462.53
2468.03
2473.53
2479.04
2484.56
2490.1
2495.63
2501.18
2506.73
2466.54
2472.03
2477.54
2483.04
2488.56
2494.08
2499.62
2505.16
2510.71
2516.27
2521.84
2527.42
2533
2538.59
2544.19
2549.8
2555.42
2561.05
2566.68
2572.32
2530.37
2535.96
2541.55
2547.14
2552.74
2558.36
2563.98
2569.61
2575.25
2580.9
2586.56
2592.22
2597.89
2603.57
2609.26
2614.95
2620.66
2626.37
2632.1
2637.82
2594.07
2599.74
2605.41
2611.09
2616.78
2622.48
2628.19
2633.9
2639.63
2645.36
2651.1
2656.85
2662.61
2668.37
2674.15
2679.93
2685.72
2691.53
2697.34
2703.15
2657.86
2663.61
2669.37
2675.14
2680.91
2686.7
2692.49
2698.29
2704.1
2709.92
2715.75
2721.59
2727.43
2733.28
2739.14
2745.01
2750.89
2756.77
2762.67
2768.57
2721.6
2727.44
2733.28
2739.14
2744.99
2750.86
2756.74
2762.63
2768.52
2774.43
2780.34
2786.26
2792.19
2798.13
2804.08
2810.03
2816
2821.98
2827.96
2833.95
2785.36
2791.29
2797.23
2803.17
2809.12
2815.07
2821.04
2827.01
2832.99
2838.99
2844.99
2851
2857.01
2863.04
2869.07
2875.12
2881.17
2887.23
2893.3
2899.38
2849.27
2855.29
2861.31
2867.33
2873.37
2879.41
2885.46
2891.52
2897.59
2903.67
2909.76
2915.85
2921.96
2928.07
2934.19
2940.32
2946.46
2952.61
2958.76
2964.92
2913.88
2919.98
2926.09
2932.2
2938.32
2944.44
2950.58
2956.72
2962.88
2969.04
2975.21
2981.39
2987.58
2993.78
2999.99
3006.2
3012.43
3018.66
3024.9
3031.15
2979.29
2985.48
2991.67
2997.87
3004.07
3010.29
3016.51
3022.74
3028.98
3035.23
3041.49
3047.76
3054.04
3060.32
3066.62
3072.92
3079.24
3085.56
3091.89
3098.23
3045.74
3052.01
3058.29
3064.58
3070.88
3077.18
3083.5
3089.82
3096.15
3102.49
3108.85
3115.21
3121.58
3127.96
3134.35
3140.74
3147.15
3153.56
3159.98
3166.41
3113.19
3119.56
3125.93
3132.3
3138.69
3145.08
3151.48
3157.9
3164.32
3170.75
3177.19
3183.64
3190.1
3196.57
3203.05
3209.53
3216.03
3222.53
3229.04
3235.55
3181.66
3188.11
3194.57
3201.04
3207.51
3213.99
3220.49
3226.99
3233.5
3240.02
3246.55
3253.09
3259.64
3266.2
3272.76
3279.34
3285.92
3292.51
3299.11
3305.72
3251.19
3257.73
3264.28
3270.83
3277.39
3283.97
3290.55
3297.14
3303.74
3310.35
3316.97
3323.6
3330.25
3336.9
3343.56
3350.22
3356.9
3363.58
3370.27
3376.97
3321.73
3328.37
3335.01
3341.65
3348.31
3354.98
3361.65
3368.33
3375.02
3381.72
3388.43
3395.16
3401.89
3408.63
3415.38
3422.14
3428.9
3435.68
3442.46
3449.25
3393.19
3399.91
3406.64
3413.38
3420.12
3426.87
3433.63
3440.4
3447.18
3453.97
3460.78
3467.59
3474.41
3481.24
3488.09
3494.93
3501.78
3508.65
3515.52
3522.4
3465.53
3472.35
3479.17
3485.99
3492.83
3499.68
3506.53
3513.39
3520.27
3527.15
3534.04
3540.95
3547.86
3554.79
3561.72
3568.66
3575.6
3582.56
3589.53
3596.5
3538.9
3545.8
3552.71
3559.64
3566.57
3573.51
3580.46
3587.41
3594.38
3601.36
3608.34
3615.34
3622.35
3629.37
3636.4
3643.43
3650.47
3657.52
3664.58
3671.65
3613.27
3620.27
3627.27
3634.29
3641.31
3648.35
3655.39
3662.44
3669.5
3676.56
3683.65
3690.74
3697.84
3704.95
3712.07
3719.19
3726.33
3733.47
3740.63
3747.79
3688.68
3695.77
3702.86
3709.97
3717.09
3724.22
3731.36
3738.51
3745.66
3752.82
3760
3767.18
3774.38
3781.59
3788.81
3796.02
3803.25
3810.49
3817.74
3824.99
3765.13
3772.31
3779.5
3786.7
3793.92
3801.15
3808.38
3815.62
3822.87
3830.13
3837.4
3844.68
3851.97
3859.27
3866.58
3873.89
3881.21
3888.54
3895.89
3903.23
3842.4
3849.68
3856.96
3864.26
3871.57
3878.89
3886.21
3893.55
3900.9
3908.25
3915.62
3922.99
3930.38
3937.78
3945.19
3952.59
3960.02
3967.44
3974.88
3982.33
3920.58
3927.95
3935.33
3942.73
3950.13
3957.55
3964.98
3972.41
3979.86
3987.31
3994.78
4002.25
4009.74
4017.23
4024.73
4032.24
4039.76
4047.29
4054.83
4062.38
3999.98
4007.45
4014.93
4022.42
4029.93
4037.45
4044.97
4052.51
4060.05
4067.6
4075.17
4082.74
4090.32
4097.92
4105.52
4113.12
4120.74
4128.36
4136
4143.65
4080.35
4087.91
4095.48
4103.07
4110.67
4118.28
4125.9
4133.53
4141.17
4148.82
4156.48
4164.15
4171.83
4179.52
4187.21
4194.92
4202.63
4210.35
4218.09
4225.82
4161.52
4169.18
4176.85
4184.53
4192.23
4199.94
4207.65
4215.38
4223.11
4230.86
4238.61
4246.37
4254.15
4261.93
4269.72
4277.52
4285.33
4293.14
4300.97
4308.8
4243.41
4251.16
4258.92
4266.69
4274.49
4282.29
4290.09
4297.91
4305.74
4313.57
4321.43
4329.29
4337.16
4345.05
4352.93
4360.83
4368.74
4376.66
4384.59
4392.52
4326.05
4333.91
4341.77
4349.65
4357.54
4365.44
4373.35
4381.27
4389.2
4397.15
4405.1
4413.07
4421.05
4429.03
4437.02
4445.02
4453.03
4461.05
4469.08
4477.12
4409.32
4417.27
4425.23
4433.21
4441.2
4449.2
4457.2
4465.22
4473.24
4481.28
4489.33
4497.39
4505.47
4513.54
4521.63
4529.73
4537.84
4545.95
4554.07
4562.21
4493.12
4501.17
4509.23
4517.3
4525.39
4533.49
4541.59
4549.7
4557.82
4565.96
4574.11
4582.27
4590.44
4598.62
4606.81
4615
4623.22
4631.43
4639.65
4647.89
4577.39
4585.55
4593.7
4601.87
4610.07
4618.27
4626.48
4634.69
4642.91
4651.15
4659.4
4667.66
4675.93
4684.21
4692.5
4700.79
4709.1
4717.41
4725.73
4734.07
4661.64
4669.89
4678.14
4686.41
4694.7
4703
4711.3
4719.62
4727.94
4736.28
4744.62
4752.98
4761.35
4769.72
4778.1
4786.49
4794.89
4803.3
4811.72
4820.15
4746.48
4754.83
4763.18
4771.54
4779.93
4788.32
4796.72
4805.13
4813.55
4821.98
4830.43
4838.89
4847.36
4855.83
4864.33
4872.83
4881.34
4889.86
4898.39
4906.93
4831.14
4839.6
4848.06
4856.53
4865.02
4873.52
4882.02
4890.54
4899.07
4907.61
4916.16
4924.73
4933.3
4941.88
4950.46
4959.06
4967.67
4976.27
4984.89
4993.52
4916.09
4924.64
4933.19
4941.75
4950.33
4958.92
4967.51
4976.12
4984.73
4993.36
5002
5010.65
5019.31
5027.97
5036.64
5045.32
5054.01
5062.71
5071.41
5080.14
5001.03
5009.67
5018.3
5026.95
5035.62
5044.29
5052.97
5061.66
5070.35
5079.07
5087.8
5096.54
5105.28
5114.02
5122.79
5131.56
5140.34
5149.13
5157.93
5166.76
5086.26
5095
5103.74
5112.49
5121.27
5130.04
5138.83
5147.62
5156.42
5165.24
5174.08
5182.92
5191.77
5200.63
5209.51
5218.39
5227.28
5236.18
5245.09
5254.01
5172.91
5181.76
5190.59
5199.45
5208.32
5217.2
5226.08
5234.98
5243.88
5252.79
5261.73
5270.67
5279.62
5288.57
5297.54
5306.52
5315.51
5324.5
5333.5
5342.54
5261.13
5270.08
5279.02
5287.98
5296.95
5305.92
5314.9
5323.9
5332.9
5341.92
5350.95
5359.98
5369.02
5378.08
5387.15
5396.23
5405.33
5414.42
5423.54
5432.67
5349.58
5358.68
5367.74
5376.84
5385.96
5395.05
5404.16
5413.28
5422.4
5431.53
5440.67
5449.82
5458.97
5468.14
5477.32
5486.53
5495.72
5504.92
5514.13
5523.35
