  90.130  68.560 112.960
  89.250  64.590 132.250
  84.560  62.080 114.840
  97.170  65.140 137.670
 104.900  75.560 131.690
  96.660  78.650 147.450
  88.190  74.940 156.190
  82.580  74.100 155.290
  86.900  98.850 147.120
  99.460 100.800 140.670
  90.230  87.570 134.780
 107.020  95.170 150.820
  85.230  91.710 142.910
  83.690  88.260 142.950
  87.960  79.670 145.400
  94.950  80.780 137.770
 102.020  93.790 130.980
 106.130  62.130 126.900
 116.190  65.410 122.550
 111.720  62.810 120.240
 104.530  86.230 121.400
 102.640  74.520 114.230
  92.130  82.370 127.030
  92.490  87.620 126.260
  96.590  84.080 108.210
 101.580  75.940 105.240
  77.410  78.810 116.950
  90.670  78.870 107.770
  86.390  72.110 129.480
  80.960  69.120 130.830
  98.350  70.810  89.930
 103.220  62.860 105.870
  91.360  68.110 104.720
  85.880  56.190 100.070
  80.250  57.530 101.850
  81.910  56.100  88.470
 106.000  58.010  93.170
 113.400  56.180  94.720
 111.260  60.840  97.570
 102.870  79.560  64.160
 104.110  81.930  44.840
 110.730  79.530  60.520
  97.220  79.290  38.830
  84.870  81.680  46.770
  88.480  93.060  33.170
  96.880  97.320  24.570
 102.310  99.620  26.030
  84.290 113.090  39.730
  73.610 105.850  45.350
  89.980  99.320  48.310
  70.060  99.460  33.580
  90.700 107.900  41.640
  94.290 106.570  40.850
  95.380  97.900  35.940
  89.810  93.180  43.290
  76.650  97.300  52.210
  92.670  68.950  47.860
  82.990  63.830  52.370
  88.090  64.570  53.900
  80.410  86.850  59.060
  89.030  77.140  63.420
  91.970  92.230  53.910
  88.810  96.360  56.150
  89.230  86.110  72.340
  89.500  76.230  72.820
 106.570  95.580  63.740
  96.160  85.960  71.640
 102.380  88.310  49.600
 108.470  89.870  47.640
  96.980  70.620  86.450
  96.440  65.160  68.740
 102.870  76.110  71.900
 114.350  68.950  73.410
 117.540  73.530  72.680
 118.660  68.640  85.300
  97.880  57.310  79.340
  92.450  51.330  76.630
  91.100  56.760  75.170
  75.700 101.630 116.100
  65.290  96.570 132.010
  78.120 104.460 123.990
  55.660  94.920 130.610
  54.350  89.040 117.820
  52.090  78.320 132.030
  53.230  76.260 144.570
  58.350  78.080 147.820
  62.770  59.300 128.810
  56.330  62.340 115.970
  65.300  75.610 122.570
  43.590  64.430 121.050
  66.120  67.240 130.230
  66.940  70.400 132.240
  60.350  77.420 135.460
  58.970  80.260 125.370
  58.160  72.790 110.570
  54.000 103.690 120.030
  48.560 104.800 109.280
  53.040 106.840 111.870
  61.700  84.750 106.600
  65.990  97.660 107.330
  67.750  83.580 118.990
  68.680  78.990 115.930
  75.470  91.050 102.440
  71.760 100.010 100.350
  84.700  89.010 121.810
  79.330  94.750 107.240
  69.700  91.140 128.080
  72.800  92.040 134.830
  82.780 110.740  94.520
  68.450 111.720 105.990
  79.050 105.740 109.800
  84.060 117.460 115.020
  87.950 114.850 119.030
  94.420 121.360 108.890
  72.830 121.730  98.210
  65.580 123.940  95.870
  66.890 118.760  97.500
  95.470 114.370  70.590
 105.670 120.540  55.090
  90.970 117.430  63.750
 114.110 124.530  56.160
 120.320 117.730  67.710
 126.800 114.210  51.390
 126.290 115.200  38.900
 120.670 113.860  36.010
 129.580  91.840  49.220
 133.890  94.640  62.570
 118.530 101.400  58.470
 142.690 104.990  59.000
 122.290  96.350  49.280
 119.810  99.000  48.040
 120.210 109.210  47.370
 120.790 109.760  58.090
 126.740  99.940  69.670
 111.500 129.220  68.870
 115.970 129.810  80.370
 111.080 129.950  77.960
 117.380 106.960  76.850
 106.580 114.980  78.570
 112.010 105.910  63.810
 113.900 100.950  65.970
 102.610 102.680  81.090
 100.560 111.970  85.220
  94.790 100.740  60.950
  96.980 104.450  77.050
 105.540 112.460  57.270
 102.230 113.270  50.350
  85.810 111.960  93.060
  95.800 123.770  83.180
  90.300 114.160  76.400
  79.110 121.390  74.540
  77.670 117.990  70.010
  69.010 117.440  80.210
  87.150 127.040  92.910
  92.170 132.210  96.100
  94.520 127.700  94.430
